667.251510614181
1126.84035199454
1033.34677843766
1199.76160316158
1330.0991209215
472.846660916156
1550.93265608229
902.717372949104
352.237199641875
3821.67197848143
3169.03122154625
181.431628038842
2772.56975903016
2832.11310555419
2503.51560172044
3854.06688890237
185.449943435122
2741.33655119098
5001.19013872519
298.211547720345
2330.26715947747
1022.70786005897
945.994071744845
91.1372877695306
2469.75726978004
4.50853068777757
1.43268912166017
476.367761521306
643.447564726904
286.087443473324
1245.34743570785
1320.75572766958
2143.46032035931
1054.62859424512
265.050991723338
4310.42371870038
1.93350900054607
1970.30627210732
2635.50573669537
6646.65998012883
2680.67601495454
1347.99622979294
3824.68827449702
3366.72910838003
3825.7541884695
5662.91438832549
4163.88657951583
3498.50413962198
2883.49324938678
6725.28479107902
6843.60655283723
538.990266991309
2373.80561848069
9829.25663368509
62.3861543845321
946.890609390517
1216.89065797575
2815.61828177218
2163.22988239454
2553.51880952042
1549.63102788927
1172.19769485863
133.208012787256
548.718000496141
2525.93917957225
3132.8234712653
8909.4286480385
156.685408557153
1320.32465264216
5159.79660585839
3733.57617822316
2569.31985678213
759.19712540889
269.029139739009
2882.74094456934
3225.05498127502
469.614602013312
1763.31329197777
3658.2665388292
28.5536072070494
7619.80971545345
2534.04092895148
3554.75279715599
2628.25356716116
1332.29066061428
5007.31821697872
6745.62319712044
354.097339724702
302.899471058929
2584.02486316581
1267.95101552128
110.145755550892
436.83515522016
3302.00618762849
2661.7069482462
1459.99081952497
1643.70464392971
4558.69649488884
3380.98300876514
7607.38343895943
